#Prestal File V0.0.1	2025-3-6_14-27-53_17272
#Generate by ../../../JHS_ana_v05/JHS_ana/testdata/20250226091806_baseline_entry.root
#fecid channelid mean sigma chi2/ndf
0 0 702.445 14.1179 11.8079
0 1 678.152 15.0817 25.3258
0 2 606.103 13.9548 14.3801
0 3 600.263 13.7014 7.78509
0 4 646.199 15.395 12.3936
0 5 604.681 15.7002 19.8856
0 6 618.956 17.3084 12.2096
0 7 617.797 17.2502 12.0971
0 8 596.022 17.3785 26.101
0 9 604.235 16.5814 26.7633
0 10 629.683 17.5753 31.7217
0 11 617.689 15.4692 8.60544
0 12 674.164 15.0548 17.7015
0 13 637.088 15.2229 14.2036
0 14 627.133 14.5211 20.0117
0 15 612.011 14.0281 10.5209
0 16 605.193 18.7046 41.3795
0 17 607.344 18.6811 39.7985
0 18 597.716 19.3984 46.0369
0 19 593.327 19.7283 54.0482
0 20 617.456 18.0761 62.0643
0 21 617.831 16.4848 50.0522
0 22 614.467 18.1111 42.0882
0 23 607.762 16.2772 25.8894
0 24 600.108 15.1245 48.8065
0 25 597.648 15.9376 35.4804
0 26 616.485 15.9954 26.4125
0 27 614.662 15.5266 32.9943
0 28 617.895 16.5796 40.958
0 29 614.926 16.5709 44.8953
0 30 614.309 18.1863 39.4243
0 31 601.617 17.9066 35.7856
0 32 704.683 12.515 25.8904
0 33 619.882 12.426 10.1698
0 34 646.646 14.0048 32.6991
0 35 612.267 13.2693 32.5062
0 36 653.001 15.623 51.0023
0 37 625.332 14.7419 32.968
0 38 668.706 14.0479 31.1167
0 39 647.857 13.6429 63.8672
0 40 614.806 12.854 14.7033
0 41 620.369 12.4435 20.1379
0 42 687.757 8.79072 11.0654
0 43 663.103 9.13771 4.98808
0 44 636.287 11.4677 23.5294
0 45 620.809 11.3941 17.5409
0 46 680.467 10.1899 21.8071
0 47 645.396 10.5311 85.6883
0 48 606.26 7.61826 2.79898
0 49 618.89 7.47108 2.58777
0 50 600.312 8.21313 8.89374
0 51 610.556 7.99956 10.9992
0 52 605.445 9.93626 11.9279
0 53 606.056 10.5024 16.9114
0 54 615.771 9.77224 11.9957
0 55 606.717 9.69117 9.06373
0 56 618.095 9.27501 36.937
0 57 614.371 8.35998 3.82465
0 58 635.959 7.21607 12.9842
0 59 652.623 7.3296 11.9088
0 60 687.855 8.28347 5.24637
0 61 654.423 10.3735 35.7463
0 62 666.451 8.98547 2.13743
0 63 633.05 9.68238 4.02706
0 64 686.716 15.5571 27.5312
0 65 689.975 18.7414 5.5175
0 66 605.38 18.701 24.4453
0 67 629.442 20.7069 9.58941
0 68 605.753 17.9175 16.7846
0 69 592.45 18.3937 22.8012
0 70 607.132 22.4316 5.84086
0 71 605.019 18.5038 19.1653
0 72 649.666 18.3341 26.8683
0 73 629.141 17.6001 22.9803
0 74 617.541 22.4588 17.193
0 75 659.26 18.1356 22.1224
0 76 602.328 21.4443 20.8288
0 77 604.949 23.1315 17.2108
0 78 587.358 20.3666 29.7911
0 79 586.223 20.8294 12.96
0 80 652.965 19.0801 50.3521
0 81 614.01 21.4182 21.3425
0 82 647.656 20.2976 63.888
0 83 624.072 21.8591 26.8428
0 84 622.155 20.4048 43.1643
0 85 632.077 19.8484 45.2464
0 86 611.757 20.5448 15.3193
0 87 613.942 17.8941 26.184
0 88 665.757 18.79 40.5715
0 89 650.825 18.5898 47.9193
0 90 630.346 20.189 23.0887
0 91 608.072 20.8212 29.6311
0 92 619.668 22.6486 25.4549
0 93 627.756 18.7967 26.3766
0 94 614.312 18.7958 42.8209
0 95 614.33 24.371 22.2394
0 96 609.837 15.7774 32.4723
0 97 605.354 16.0147 13.5197
0 98 600.763 13.9567 26.7879
0 99 606.347 18.995 22.271
0 100 593.996 18.1281 42.7148
0 101 602.579 14.1035 74.6453
0 102 595.092 20.2223 22.8493
0 103 592.322 18.7653 49.9613
0 104 602.965 14.9418 30.8542
0 105 596.648 12.8823 17.078
0 106 598.682 13.6142 16.1018
0 107 613.185 16.2338 15.0592
0 108 594.959 16.1565 27.526
0 109 598.2 14.6682 16.3901
0 110 594.411 14.1192 20.4734
0 111 613.555 14.9855 10.2555
0 112 646.833 8.556 2.46475
0 113 636.858 10.2057 39.0368
0 114 640.134 11.4386 12.5323
0 115 621.386 12.4887 11.4596
0 116 600.139 14.106 10.8066
0 117 618.83 12.2858 9.89967
0 118 629.916 13.0177 6.50491
0 119 640.994 11.5819 20.3113
0 120 648.558 11.1183 32.2846
0 121 631.072 11.321 10.3209
0 122 653.596 10.3096 8.39574
0 123 608.709 12.5442 19.0074
0 124 648.908 10.689 7.14318
0 125 640.877 11.562 19.1196
0 126 636.968 10.5865 23.0142
0 127 636.399 12.8321 11.852
1 0 721.142 9.72438 1.73594
1 1 659.346 11.6229 46.7575
1 2 610.558 8.8983 2.39245
1 3 607.333 9.37599 9.69977
1 4 651.252 10.6001 2.42625
1 5 629.012 11.6779 30.8267
1 6 612.699 12.3727 8.13256
1 7 631.215 14.1809 28.0823
1 8 621.666 9.48652 42.5243
1 9 593.338 8.24388 2.11766
1 10 649.791 9.49497 48.4957
1 11 612.616 8.20038 1.79145
1 12 674.186 8.84114 53.0877
1 13 652.655 7.80036 12.1012
1 14 618.318 8.41168 1.50072
1 15 603.064 7.93827 1.93888
1 16 605.315 10.0442 2.25844
1 17 629.439 8.08116 109.675
1 18 584.606 10.7811 12.8328
1 19 604.548 8.2935 11.7006
1 20 614.886 8.62862 2.46843
1 21 617.71 7.64524 4.10474
1 22 605.837 8.80996 3.83825
1 23 612.48 7.7736 8.25359
1 24 606.889 22.8867 17.7029
1 25 615.825 16.5599 19.8453
1 26 588.276 20.5058 17.957
1 27 611.333 21.8776 22.8832
1 28 621.852 13.1747 6.79771
1 29 605.208 8.78977 15.2032
1 30 611.647 11.4035 1.99378
1 31 602.118 8.55808 2.66681
1 32 710.383 8.17201 54.2133
1 33 629.467 7.62908 53.5183
1 34 656.17 9.56414 3.0373
1 35 629.574 11.9701 4.13657
1 36 670.355 17.722 22.7499
1 37 614.317 19.8143 40.8853
1 38 682.626 14.6831 3.3902
1 39 638.021 18.2458 18.1444
1 40 635.566 9.80691 24.1749
1 41 617.699 7.40954 7.05922
1 42 687.877 14.6966 48.8326
1 43 663.258 9.07591 118
1 44 648.156 9.567 3.64319
1 45 611.046 6.96354 6.45687
1 46 703.8 9.29194 1.53886
1 47 636.919 6.33848 301.214
1 48 610.602 17.4593 7.51995
1 49 615.315 11.5213 78.0817
1 50 611.405 17.4668 24.4389
1 51 606.546 10.1683 14.6755
1 52 603.928 9.37949 4.30443
1 53 599.32 6.88175 7.09468
1 54 625.988 12.601 7.49218
1 55 624.39 7.93272 2.6775
1 56 631.552 13.0363 8.97115
1 57 627.349 13.6244 39.8469
1 58 630.942 14.2625 3.795
1 59 650.445 11.4224 21.7952
1 60 688.871 23.126 31.3948
1 61 667.927 24.349 45.0684
1 62 671.415 14.4267 7.58627
1 63 626.757 16.3626 34.0144
1 64 712.952 10.6247 29.4632
1 65 694.958 16.4907 44.5837
1 66 608.217 12.6085 44.0821
1 67 650.707 20.0685 28.7392
1 68 609.66 14.4272 44.0086
1 69 605.746 12.3434 72.9231
1 70 612.118 22.6973 34.1913
1 71 618.351 15.9853 53.1903
1 72 654.852 18.3839 58.3934
1 73 639.121 11.281 24.1819
1 74 612.905 17.2467 21.4118
1 75 686.047 21.0361 44.3413
1 76 609.765 18.2695 41.3276
1 77 610.622 20.8345 27.6265
1 78 609.949 12.5735 40.1078
1 79 601.501 18.1949 24.5804
1 80 662.952 9.5806 69.2518
1 81 613.078 14.3585 42.6575
1 82 655.493 10.1244 12.5162
1 83 643.24 15.5526 37.4731
1 84 630.834 11.8523 26.9957
1 85 637.37 11.3492 18.1903
1 86 618.944 14.5534 11.9828
1 87 624.871 11.3304 18.6308
1 88 650.424 11.0332 13.0707
1 89 643.762 10.0285 13.5663
1 90 635.502 14.8819 6.77677
1 91 607.111 16.7859 7.03606
1 92 638.088 15.9071 14.8634
1 93 642.721 12.45 5.66007
1 94 625.296 9.38659 7.93002
1 95 593.519 16.9826 16.7705
1 96 639.844 14.5978 39.4689
1 97 615.248 11.7559 37.8627
1 98 598.577 20.2044 11.8881
1 99 595.972 18.3928 5.63738
1 100 585.933 17.9292 16.894
1 101 603.946 11.2891 10.8798
1 102 606.978 18.391 7.596
1 103 605.808 13.1104 8.68693
1 104 614.532 9.85208 7.25609
1 105 624.647 9.67455 5.53823
1 106 596.884 10.4324 53.8933
1 107 630.446 10.1717 344.448
1 108 594.275 12.9616 14.8503
1 109 579.464 10.9746 13.273
1 110 584.466 10.3688 4.50836
1 111 607.593 12.8603 10.3276
1 112 660.744 12.6331 64.9305
1 113 638.949 15.496 32.3164
1 114 647.246 9.88959 1.38452
1 115 621.667 8.78294 15.5676
1 116 594.767 10.916 6.17307
1 117 615.404 8.78249 7.40752
1 118 635.544 10.395 5.91848
1 119 648.593 8.46489 5.47879
1 120 652.26 44.7232 43.85
1 121 636.952 33.211 59.6268
1 122 652.527 36.7604 48.7035
1 123 633.102 38.6067 64.8724
1 124 640.702 8.27273 9.49249
1 125 643.11 28.997 53.1294
1 126 646.187 28.9905 60.2404
1 127 606.236 10.0961 11.993
2 0 717.845 23.9995 17.5808
2 1 663.727 15.9754 35.121
2 2 637.389 25.1742 15.7264
2 3 605.993 18.4116 22.8734
2 4 683.426 23.5876 20.8411
2 5 604.337 17.5987 29.9225
2 6 645.379 23.8383 11.7618
2 7 622.559 15.6809 12.4354
2 8 616.385 37.5292 16.246
2 9 583.295 30.1989 32.5152
2 10 658.424 31.6334 20.5076
2 11 615.11 24.6364 26.5295
2 12 711.278 30.603 21.4271
2 13 636.16 27.6718 24.3687
2 14 647.122 30.7867 31.6793
2 15 598.004 27.1471 23.1257
2 16 587.611 15.7198 7.01689
2 17 634.734 11.9369 6.20401
2 18 615.912 15.8023 22.8418
2 19 599.167 15.7289 8.09002
2 20 607.903 11.6695 5.23674
2 21 620.587 9.01214 3.6477
2 22 625.096 18.5907 18.0763
2 23 614.535 14.6866 12.7364
2 24 598.379 8.47105 3.65235
2 25 620.994 7.42787 1.26882
2 26 632.889 8.8923 7.75427
2 27 606.697 3.6795 15.9152
2 28 639.14 10.0598 5.15424
2 29 612.063 11.2178 2.95901
2 30 650.611 16.3279 5.60711
2 31 604.593 17.7111 12.1756
2 32 723.894 9.01043 4.43354
2 33 629.724 8.32451 61.0143
2 34 662.478 8.37255 3.75907
2 35 617.029 7.52242 2.86345
2 36 679.545 9.30447 55.3136
2 37 617.434 7.35347 3.83535
2 38 698.37 8.69251 3.29898
2 39 634.98 7.25391 1.84424
2 40 613.942 10.4264 4.55714
2 41 600.978 8.71616 5.67302
2 42 717.53 8.09493 6.05737
2 43 668.213 8.30974 4.36188
2 44 646.331 10.1053 12.7034
2 45 627.554 9.07409 11.4765
2 46 697.72 9.13755 2.8504
2 47 631.551 8.84173 8.49927
2 48 626.282 8.92817 2.33129
2 49 611.806 7.74271 72.2777
2 50 630.629 8.50998 4.37499
2 51 594.302 7.8779 4.09054
2 52 588.157 8.7531 2.32658
2 53 593.513 8.71228 4.91047
2 54 629.149 8.42282 2.64538
2 55 597.896 8.64875 23.8473
2 56 637.233 10.6071 9.21823
2 57 622.083 10.0651 8.89638
2 58 634.128 8.92422 3.9227
2 59 633.958 7.58774 4.56619
2 60 705.085 8.54314 9.10976
2 61 655.157 11.9508 6.16512
2 62 685.276 11.344 10.4602
2 63 609.014 9.78182 12.7875
2 64 703.184 22.4896 17.3342
2 65 702.976 21.8337 15.1733
2 66 594.325 25.7696 26.6217
2 67 663.856 16.8161 14.4112
2 68 615.529 20.0861 16.6697
2 69 602.415 25.0714 39.4251
2 70 617.111 15.9543 6.69332
2 71 634.9 19.1087 18.7789
2 72 643.619 21.2642 14.1247
2 73 658.569 28.5003 37.7822
2 74 616.303 34.2359 21.0675
2 75 675.894 15.1837 21.2244
2 76 621.507 29.5313 24.8025
2 77 616.562 34.2286 31.211
2 78 602.736 28.7307 29.0999
2 79 604.914 26.0944 14.807
2 80 629.242 9.78285 2.03831
2 81 593.915 17.6996 36.4613
2 82 617.181 10.1654 15.6468
2 83 593.86 12.3016 22.936
2 84 590.494 25.8939 33.8916
2 85 644.92 14.5739 19.6584
2 86 602.736 16.0819 14.9078
2 87 583.366 34.6232 26.1702
2 88 632.77 9.51451 3.49981
2 89 632.241 12.5703 7.82025
2 90 624.156 12.3038 3.14035
2 91 601.647 12.2252 17.6619
2 92 586.677 15.2472 4.69964
2 93 619.156 11.6951 3.63694
2 94 605.477 16.0865 8.98124
2 95 592.842 13.6666 3.256
2 96 581.431 7.78247 2.58732
2 97 602.358 9.52876 70.0849
2 98 596.76 7.99828 2.64336
2 99 586.699 10.0662 4.99003
2 100 586.758 8.63908 2.58389
2 101 550.511 7.70589 6.85916
2 102 580.541 11.8194 3.51879
2 103 573.054 9.56744 3.96998
2 104 584.795 8.22744 4.53445
2 105 607.462 8.785 6.73992
2 106 584.079 9.91691 12.8836
2 107 614.586 10.4896 4.36007
2 108 582.414 10.504 25.5673
2 109 577.505 10.3259 15.8574
2 110 588.644 8.75816 5.3197
2 111 600.981 10.4551 3.88674
2 112 639.244 8.28634 9.58081
2 113 593.315 9.55462 5.51456
2 114 618.229 9.452 14.9293
2 115 573.258 8.20098 4.80273
2 116 587.033 10.6636 3.80289
2 117 587.17 8.61641 14.2477
2 118 618.425 10.6521 2.50059
2 119 613.022 8.21856 1.98142
2 120 639.277 8.25344 4.46271
2 121 609.589 9.31783 7.23311
2 122 619.897 8.74319 7.74392
2 123 589.236 9.73969 5.2242
2 124 634.814 8.04458 8.69149
2 125 613.536 9.62457 13.4901
2 126 610.228 8.34291 5.71443
2 127 608.021 10.288 7.62808
3 0 712.735 14.9388 2.8742
3 1 674.384 14.1194 4.28296
3 2 604.758 16.0067 6.19043
3 3 602.18 14.3316 4.3138
3 4 645.153 15.8035 2.49416
3 5 619.703 14.7577 4.00539
3 6 602.146 17.383 2.1058
3 7 624.817 16.1854 4.73353
3 8 625.851 28.6473 26.2712
3 9 589.633 26.5399 32.6238
3 10 645.315 29.3239 24.2024
3 11 618.251 46.2414 31.3941
3 12 694.815 23.9822 17.5912
3 13 638.397 18.316 12.532
3 14 624.585 18.8412 25.4451
3 15 612.159 1.87507 6.54308
3 16 605.169 13.4385 75.9125
3 17 616.394 12.0363 5.57871
3 18 605.401 13.7192 4.94172
3 19 604.144 11.7456 5.96181
3 20 597.457 17.9378 23.6193
3 21 614.175 13.2844 9.67037
3 22 621.595 30.6977 31.9417
3 23 618.044 36.7435 30.2669
3 24 604.099 10.7168 8.72998
3 25 612.64 11.8413 18.1457
3 26 607.186 12.4124 5.16708
3 27 621.808 12.0541 7.11997
3 28 631.264 11.0958 9.40007
3 29 613.512 11.8233 15.0859
3 30 625.936 12.3144 6.6765
3 31 607.199 12.1412 5.94835
3 32 719.084 10.0778 50.0493
3 33 617.299 10.3468 2.38466
3 34 657.58 10.8773 1.18848
3 35 627.287 10.481 4.23063
3 36 661.7 11.3359 40.2337
3 37 619.003 11.5525 32.679
3 38 689.385 10.8992 4.3852
3 39 633.276 11.2807 2.90659
3 40 634.025 11.1075 1.61101
3 41 614.641 10.9853 35.0967
3 42 692.409 10.3977 3.229
3 43 688.531 8.91938 3.8388
3 44 663.563 10.5096 53.9109
3 45 626.048 9.51902 3.20363
3 46 674.428 10.3334 21.3775
3 47 644.691 10.3417 309.617
3 48 601.462 10.4139 2.98652
3 49 623.07 7.96731 70.3402
3 50 648.47 10.1255 11.7982
3 51 603.028 8.22973 2.29827
3 52 603.942 10.2865 3.05841
3 53 608.938 9.45279 1.28858
3 54 615.311 10.2437 2.17442
3 55 626.699 8.55216 6.91429
3 56 627.167 9.46766 4.63061
3 57 628.355 8.10685 21.3498
3 58 631.478 9.11164 11.1839
3 59 675.226 7.96831 7.40222
3 60 696.312 8.19008 1.84742
3 61 671.979 11.7388 14.3598
3 62 679.014 10.1155 2.86431
3 63 641.282 8.72643 5.04571
3 64 684.059 14.7655 8.98717
3 65 693.592 21.7673 3.48375
3 66 591.892 18.2749 18.257
3 67 651.476 23.3296 7.04458
3 68 592.027 15.8205 9.04082
3 69 580.735 18.6802 10.0112
3 70 590.819 24.4474 14.5703
3 71 611.159 17.2296 8.59526
3 72 640.499 20.8584 19.8272
3 73 636.355 20.8142 36.6476
3 74 614.839 31.2398 5.63156
3 75 664.321 18.2596 13.4903
3 76 615.131 28.654 9.6971
3 77 598.486 31.5467 5.33345
3 78 589.511 20.527 25.1417
3 79 593.95 26.9307 4.26492
3 80 648.998 17.7727 45.0598
3 81 601.623 20.4638 33.0232
3 82 645.339 30.0741 57.462
3 83 623.417 25.7379 7.83391
3 84 606.998 34.1791 45.1907
3 85 635.773 36.8107 56.3394
3 86 614.362 55.3879 28.9037
3 87 597.081 25.0161 44.2922
3 88 651.282 16.3874 22.3079
3 89 627.544 16.1226 16.8893
3 90 630.571 20.5378 7.4035
3 91 605.46 22.635 3.71279
3 92 601.218 22.8061 6.17546
3 93 617.752 18.0831 10.9529
3 94 608.714 13.412 8.40397
3 95 598.429 26.7015 6.94381
3 96 619.463 13.2991 36.7438
3 97 605.022 17.5089 3.15604
3 98 570.296 13.5132 15.753
3 99 597.031 20.2979 4.6369
3 100 595.615 14.2957 52.0193
3 101 587.008 13.142 10.3058
3 102 603.494 23.2877 2.71242
3 103 579.396 15.9208 20.4142
3 104 593.285 14.7862 44.3293
3 105 610.947 12.6172 35.3142
3 106 593.037 15.7789 12.2219
3 107 613.583 18.504 15.0476
3 108 596.612 18.0855 6.79746
3 109 592.618 17.4927 37.5941
3 110 594.328 13.8002 9.68232
3 111 605.348 17.2071 18.64
3 112 648.555 10.2668 2.4486
3 113 628.722 11.2144 2.17596
3 114 637.309 12.8046 3.64448
3 115 609.252 12.3252 6.55631
3 116 602.056 15.6358 2.72171
3 117 631.389 12.09 13.956
3 118 627.574 14.9014 2.80623
3 119 635.211 12.3357 21.6895
3 120 639.072 10.8195 17.0042
3 121 635.571 11.3232 15.4428
3 122 624.941 10.4012 14.6024
3 123 617.531 12.1104 24.8429
3 124 647.984 11.2525 7.34001
3 125 634.81 11.2031 3.4793
3 126 622.222 10.5706 10.5961
3 127 632.977 14.3136 7.31476
4 0 725.701 8.64067 41.1205
4 1 669.596 7.93844 11.4794
4 2 613.816 8.54214 14.9277
4 3 608.343 8.73635 16.0088
4 4 645.336 9.0643 41.6671
4 5 588.759 6.89995 2.77946
4 6 611.555 10.0707 6.51922
4 7 618.04 7.09009 5.81796
4 8 592.191 6.70055 57.2351
4 9 591.15 5.75927 59.4855
4 10 629.985 6.79445 68.4214
4 11 597.998 5.75962 82.8854
4 12 691.571 6.58285 9.57541
4 13 632.935 6.36538 11.3348
4 14 603.627 6.93524 98.5117
4 15 602.61 7.77188 10.2089
4 16 587.9 6.92517 165.623
4 17 600.183 6.10895 11.237
4 18 573.577 7.1563 71.1254
4 19 580.394 6.21972 2.46038
4 20 600.728 6.60952 1.93776
4 21 602.919 5.69117 2.07516
4 22 599.089 6.72689 2.86023
4 23 602.907 5.79714 2.84272
4 24 581.993 7.06313 18.4341
4 25 601.01 6.08561 3.08195
4 26 601.028 7.4908 4.75557
4 27 595.299 6.49712 2.8608
4 28 614.014 6.84449 26.5124
4 29 592.497 5.69187 9.01801
4 30 589.509 7.43553 2.83578
4 31 596.903 5.91605 5.5756
4 32 704.071 7.05231 61.5034
4 33 615.54 6.88397 64.2694
4 34 636.986 6.83927 2.78735
4 35 606.748 6.27208 1.54739
4 36 638.573 7.48508 3.84355
4 37 612.137 5.78493 1.9761
4 38 676.453 7.47208 5.18342
4 39 627.773 5.86247 4.3309
4 40 606.295 9.36517 31.9301
4 41 611.755 6.41231 3.74991
4 42 669.899 11.2709 23.5547
4 43 652.3 8.04018 9.75048
4 44 616.948 10.2155 46.224
4 45 619.94 6.43636 8.15506
4 46 681.56 10.9282 17.5444
4 47 638.672 7.19218 3.39534
4 48 607.88 11.5104 68.3985
4 49 612.089 6.57626 81.3834
4 50 613.396 11.5823 33.5919
4 51 585 6.72926 3.27484
4 52 599.959 10.9864 16.2445
4 53 594.474 9.18056 8.79541
4 54 603.797 10.7208 11.2507
4 55 599.128 8.64334 2.76371
4 56 618.014 8.34511 9.22943
4 57 613.815 7.2915 6.43886
4 58 617.912 9.65519 23.0336
4 59 658.027 6.94907 4.16709
4 60 693.179 6.77759 3.13138
4 61 652.373 9.70017 22.3442
4 62 678.822 9.25533 8.50862
4 63 618.323 6.65421 5.33717
4 64 701.084 7.19803 7.00793
4 65 698.607 10.6331 96.0724
4 66 597.508 7.60127 11.1892
4 67 648.391 11.0897 78.1198
4 68 609.423 8.90867 73.4285
4 69 587.008 7.82642 16.4565
4 70 611.623 11.7122 116.677
4 71 612.881 10.1914 13.7195
4 72 656.494 10.8 34.7178
4 73 621.305 6.83467 48.1664
4 74 616.362 9.71909 46.0683
4 75 662.989 6.48478 12.2485
4 76 607.309 13.7877 83.685
4 77 605.556 12.2149 77.3981
4 78 598.585 7.25316 3.09455
4 79 597.213 12.9332 96.9157
4 80 634.745 6.29603 135.172
4 81 610.094 7.81896 5.00646
4 82 646.15 6.07807 2.9147
4 83 622.937 9.40704 11.6254
4 84 614.248 6.11888 2.42214
4 85 636.914 6.11773 4.93357
4 86 612.442 8.71138 9.52011
4 87 610.013 6.09931 1.4983
4 88 662.546 6.33153 20.1078
4 89 638.33 6.20387 2.64718
4 90 638.222 8.27102 10.6741
4 91 611.704 8.65719 17.2165
4 92 607.049 8.66719 15.0777
4 93 628.856 7.75427 8.91792
4 94 618.487 5.92858 3.39433
4 95 602.668 8.81985 14.4817
4 96 606.982 6.68293 59.7413
4 97 611.218 7.43825 69.2208
4 98 564.129 6.57142 2.11009
4 99 588.414 7.48747 7.78971
4 100 607.652 6.57445 3.00241
4 101 576.951 6.58493 4.00243
4 102 597.553 8.16881 12.4136
4 103 589.947 6.91624 3.09585
4 104 620.042 6.77279 3.80545
4 105 610.209 86.0083 11.0925
4 106 584.755 10.1405 14.56
4 107 614.719 8.82342 18.2403
4 108 603.749 8.46489 40.0752
4 109 593.374 8.1337 19.0922
4 110 600.614 7.36903 1.68574
4 111 611.928 8.38431 13.2723
4 112 637.257 8.61855 3.09014
4 113 623.098 8.2365 5.05205
4 114 641.044 9.12437 17.5673
4 115 608.167 10.9184 7.68561
4 116 597.782 12.0764 5.9545
4 117 616.973 10.98 12.9826
4 118 630.355 11.5202 10.3622
4 119 636.863 10.4569 25.1449
4 120 636.914 8.20363 2.74592
4 121 630.851 8.89278 19.6041
4 122 632.812 7.66671 1.825
4 123 597.158 9.50397 13.3612
4 124 648.795 9.89165 14.3907
4 125 648.879 9.02192 5.48095
4 126 623.28 8.21761 8.95591
4 127 627.983 10.3697 9.54269
5 0 712.498 7.62826 5.13904
5 1 690.828 5.85288 4.06875
5 2 617.011 7.68261 3.15769
5 3 624.218 6.19269 2.97836
5 4 661.058 8.0283 4.07585
5 5 615.933 6.91144 4.78825
5 6 625.715 8.93021 2.36749
5 7 633.692 8.83604 13.084
5 8 598.319 9.78173 41.4742
5 9 579.432 8.65568 56.6392
5 10 641.562 9.18507 8.36902
5 11 615.697 8.49286 29.4834
5 12 676.986 8.61259 17.1222
5 13 641.228 7.94549 26.1907
5 14 626.443 7.92031 7.47599
5 15 624.616 7.32174 9.56843
5 16 601.263 8.39114 4.05397
5 17 604.398 9.04801 14.8465
5 18 598.557 8.38929 21.8457
5 19 602.313 9.02853 16.1032
5 20 599.813 8.36647 10.4239
5 21 614.278 8.70627 19.1316
5 22 624.756 8.7012 7.78683
5 23 606.39 8.56405 15.6906
5 24 583.892 7.05441 11.8836
5 25 613.762 8.57314 30.9153
5 26 604.22 7.65428 7.23763
5 27 616.939 9.04714 25.7022
5 28 611.32 7.58631 14.3646
5 29 610.752 8.26438 33.695
5 30 614.517 8.20127 7.92731
5 31 605.15 8.62505 12.8036
5 32 695.122 6.30101 71.9921
5 33 636.642 10.1595 113.313
5 34 640.402 6.68162 5.62575
5 35 638.103 10.4924 66.2347
5 36 662.124 7.19079 4.23723
5 37 625.266 9.23707 35.3199
5 38 673.1 6.91435 3.63036
5 39 655.756 9.28247 59.5912
5 40 621.855 7.18316 7.93797
5 41 625.55 9.81327 82.6708
5 42 702.371 6.0526 18.5404
5 43 679.945 6.77455 63.1148
5 44 664.733 6.36864 8.01352
5 45 633.897 8.74825 61.3057
5 46 691.804 6.37949 5.82903
5 47 679.703 7.42777 31.319
5 48 627.431 6.10194 47.0669
5 49 628.074 6.38668 13.6685
5 50 609.237 6.07122 4.15601
5 51 602.897 6.67918 24.8504
5 52 596.231 6.23551 4.42591
5 53 600.167 7.91231 49.8038
5 54 620.63 6.01478 2.54451
5 55 615.604 7.09943 33.3816
5 56 622.41 7.42697 16.3456
5 57 640.864 7.47678 81.5905
5 58 614.145 5.96068 17.7612
5 59 683.492 6.61176 47.126
5 60 691.163 6.04013 16.4052
5 61 668.904 7.92288 48.7068
5 62 663.181 7.69963 9.71133
5 63 632.181 7.67778 69.6118
5 64 716.141 6.78219 4.20288
5 65 688.529 14.6723 1.88447
5 66 607.447 8.11786 4.92791
5 67 634.922 7.44928 6.30932
5 68 624.899 7.92232 4.24588
5 69 602.642 7.73338 6.75009
5 70 598.601 8.8313 5.20698
5 71 619.132 9.27618 21.5662
5 72 679.85 8.0003 4.76176
5 73 644.584 9.16028 54.4233
5 74 618.853 10.1969 16.6423
5 75 672.622 10.7313 25.7025
5 76 611.869 9.93245 45.1768
5 77 603.564 10.3306 32.1868
5 78 619.548 9.161 16.2621
5 79 611.119 9.24261 12.1493
5 80 644.414 8.88299 80.9158
5 81 618.452 9.70719 14.9889
5 82 656.458 9.05413 15.301
5 83 626.637 10.6394 50.2176
5 84 609.519 10.1085 13.6592
5 85 643.178 9.67426 15.4526
5 86 610.818 10.1886 30.3524
5 87 610.542 9.3467 17.0166
5 88 655.664 8.70424 7.18356
5 89 653.177 8.47877 7.44362
5 90 628.516 10.0145 23.6837
5 91 623.649 10.8613 31.8286
5 92 623.522 10.203 13.6074
5 93 655.957 9.25944 13.3884
5 94 631.587 8.26827 7.90769
5 95 616.66 10.7948 16.9761
5 96 610.039 7.89436 6.72909
5 97 583.933 11.3479 40.1877
5 98 569.22 8.54845 5.84594
5 99 582.739 11.101 27.5513
5 100 586.019 8.84282 74.1272
5 101 595.365 8.12369 79.5154
5 102 601.164 11.0057 21.4463
5 103 581.344 9.24211 10.8535
5 104 603.057 8.84267 64.4144
5 105 597.065 7.86109 6.4462
5 106 570.743 9.46846 35.9433
5 107 603.694 11.9475 39.8751
5 108 596.194 12.4884 77.6772
5 109 585.042 10.9765 59.4302
5 110 606.153 8.76081 13.7989
5 111 603.209 11.502 62.216
5 112 617.856 6.42162 3.17457
5 113 625.501 8.71541 53.6169
5 114 641.289 8.97474 37.5706
5 115 588.916 9.70794 17.9763
5 116 583.201 9.77078 24.6916
5 117 615.549 8.99122 8.26548
5 118 627.847 9.47274 26.5612
5 119 640.824 8.92172 17.9691
5 120 637.62 7.18032 3.97815
5 121 637.765 9.09236 43.0077
5 122 618.204 6.83212 11.6825
5 123 596.954 10.4601 45.3667
5 124 643.291 7.89792 16.4187
5 125 639.436 8.59523 23.495
5 126 627.313 6.77742 6.47869
5 127 629.643 9.4528 42.8236
6 0 709.943 7.64429 2.84696
6 1 658.338 7.68917 3.16726
6 2 613.436 7.45582 2.36454
6 3 603.793 7.74074 1.98741
6 4 656.581 8.055 5.4513
6 5 620.481 7.84924 41.3784
6 6 626.779 8.3782 3.38068
6 7 606.423 7.76952 1.90418
6 8 584.083 7.62098 61.2906
6 9 580.507 7.22751 66.1483
6 10 656.634 7.05758 26.345
6 11 609.141 7.32588 1.92655
6 12 696.106 6.77721 7.54593
6 13 634.037 6.98535 10.952
6 14 628.484 6.40054 105.645
6 15 608.2 7.21348 26.7162
6 16 573.875 7.18926 185.675
6 17 594.09 7.2568 139.939
6 18 597.5 7.15075 4.35787
6 19 586.767 7.25357 19.0672
6 20 611.103 7.09561 5.16873
6 21 609.87 7.05402 2.17966
6 22 621.427 7.18579 4.37896
6 23 606.032 7.25388 1.80755
6 24 592.838 6.84718 13.9001
6 25 604.29 7.07882 2.6788
6 26 628.136 6.68035 11.2194
6 27 598.575 7.11904 1.45049
6 28 618.464 6.8984 2.51512
6 29 602.008 7.16433 2.34062
6 30 613.861 7.05843 4.51343
6 31 592.478 7.19049 4.07012
6 32 706.154 6.13088 76.3278
6 33 620.718 7.00604 61.0631
6 34 658.47 6.27675 2.55851
6 35 613.017 7.09916 5.42061
6 36 662.264 6.73357 2.10946
6 37 615.008 6.82127 2.38492
6 38 678.935 6.4199 8.2427
6 39 656.343 6.95967 2.93549
6 40 620.37 6.74521 48.2866
6 41 605.485 7.07924 2.91678
6 42 701.982 6.47212 5.62117
6 43 669.204 6.85283 4.08695
6 44 653.738 6.49832 5.50672
6 45 625.614 6.84639 8.30579
6 46 715.226 6.28194 3.61172
6 47 632.544 5.35165 374.414
6 48 631.764 6.98198 1.8626
6 49 606.938 6.78132 62.0607
6 50 640.13 6.73286 4.49195
6 51 589.622 6.90052 13.5426
6 52 589.577 6.55733 3.80525
6 53 588.522 6.8371 4.08575
6 54 617.828 6.73213 2.02173
6 55 606.179 7.03564 3.84034
6 56 643.305 7.2204 8.28406
6 57 612.31 7.30346 2.58601
6 58 642.132 7.14663 6.5776
6 59 642.221 7.0549 1.98918
6 60 715.257 7.8229 3.32599
6 61 661.196 11.2224 16.5774
6 62 673.215 7.26069 3.69793
6 63 624.822 7.53281 3.21858
6 64 686.482 7.20175 3.1043
6 65 696.486 8.26685 44.7917
6 66 606.605 7.16645 9.92091
6 67 666.776 8.35576 5.14513
6 68 628.47 8.06654 46.0451
6 69 624.114 7.29655 3.09202
6 70 618.108 9.38902 3.5628
6 71 645.407 9.07624 4.23591
6 72 644.491 8.53571 2.94152
6 73 631.732 7.16977 2.05224
6 74 614.635 8.91959 5.7719
6 75 661.695 11.9058 2.73923
6 76 617.427 9.06057 3.92453
6 77 623.579 9.4989 41.8571
6 78 612.105 7.77928 2.82236
6 79 606.094 8.84295 27.4937
6 80 632.177 6.86611 82.0816
6 81 588.292 8.54266 5.18416
6 82 619.309 7.25428 11.7343
6 83 602.135 8.95974 30.4092
6 84 592.408 7.37888 3.08342
6 85 628.332 7.31338 2.55115
6 86 608.604 8.37421 3.66502
6 87 608.745 7.32124 3.89979
6 88 640.576 7.16053 20.8209
6 89 621.344 7.14252 5.39914
6 90 608.272 8.98841 3.90649
6 91 589.654 8.98647 2.53217
6 92 591.564 9.2665 5.07827
6 93 622.958 8.30786 3.58631
6 94 614.308 6.92436 8.73069
6 95 596.969 9.38542 6.81971
6 96 577.817 6.96099 6.50532
6 97 604.569 8.49816 1.51833
6 98 582.137 7.07558 6.31947
6 99 608.241 8.73378 3.20699
6 100 601.694 7.01149 1.84279
6 101 591.121 6.85209 2.9832
6 102 600.189 9.33759 3.30236
6 103 602.415 7.30805 2.16171
6 104 600.672 7.08056 1.3128
6 105 595.406 6.86593 3.40563
6 106 602.035 8.49252 9.01171
6 107 624.168 8.77743 5.54625
6 108 577.591 8.8224 20.3714
6 109 585.786 8.71786 16.9769
6 110 591.567 7.17835 4.50107
6 111 613.549 8.59497 2.60974
6 112 629.917 6.50674 89.7821
6 113 621.737 8.4354 4.85264
6 114 638.201 8.30457 24.0138
6 115 585.402 7.11745 2.63141
6 116 607.655 8.99526 2.42201
6 117 626 7.09778 23.4073
6 118 627.197 8.61935 13.3101
6 119 623.318 6.88227 11.4094
6 120 640.249 7.00186 3.5309
6 121 630.901 8.5728 3.08232
6 122 626.478 6.932 2.92586
6 123 603.756 9.07531 14.1693
6 124 647.861 6.70688 8.26637
6 125 636.635 8.35753 2.72877
6 126 640.637 6.53265 9.62519
6 127 622.327 8.89441 2.70657
7 0 727.467 6.8154 45.5464
7 1 680.052 7.13585 36.7335
7 2 604.949 6.7883 2.20506
7 3 639.724 7.02499 3.73167
7 4 638.82 7.76837 2.18689
7 5 605.082 7.64122 2.29371
7 6 621.053 7.96813 3.18247
7 7 643.529 8.6277 5.99742
7 8 588.402 7.00435 60.8217
7 9 594.752 6.83459 3.85878
7 10 642.301 6.62009 5.01373
7 11 629.554 6.64844 4.82498
7 12 682.293 6.49325 25.4643
7 13 655.514 6.4668 18.6692
7 14 614.984 6.53426 3.50681
7 15 606.297 6.89267 3.36305
7 16 609.55 6.45994 5.17973
7 17 604.698 6.59501 2.91885
7 18 602.585 6.56518 26.8444
7 19 607.116 6.56967 8.8371
7 20 613.603 6.29183 2.8213
7 21 615.517 6.62343 11.2423
7 22 623.456 6.45764 4.21607
7 23 632.53 6.54503 2.6976
7 24 597.797 6.04184 2.17966
7 25 621.024 6.38524 3.78025
7 26 620.622 6.07669 2.75806
7 27 611.482 6.6502 12.1306
7 28 612.048 6.36393 23.4218
7 29 612.873 6.45451 6.31585
7 30 612.08 6.66722 4.62478
7 31 586.766 6.6028 9.41202
7 32 722.423 5.51929 4.50503
7 33 624.849 11.9906 25.1186
7 34 652.655 5.67836 3.16253
7 35 615.426 6.20554 8.35138
7 36 648.304 6.13649 1.63154
7 37 620.263 6.2687 3.17772
7 38 668.553 5.61187 4.45691
7 39 663.784 6.26784 3.42349
7 40 617.887 6.18497 28.3536
7 41 624.668 6.4409 4.54211
7 42 686.847 6.05223 5.07778
7 43 690.073 6.48337 31.395
7 44 648.022 6.00004 7.31899
7 45 631.418 6.09424 9.20324
7 46 684.141 5.74593 3.16848
7 47 659.929 6.03663 11.7216
7 48 630.492 6.23599 63.2954
7 49 626.243 6.09472 3.32574
7 50 618.621 6.23263 19.8051
7 51 606.523 6.21307 39.5696
7 52 588.149 5.91795 2.72911
7 53 608.553 6.2429 1.88015
7 54 614.833 6.06111 1.56196
7 55 636.284 6.37032 2.42032
7 56 613.005 6.19569 3.58567
7 57 637.906 6.15036 1.42748
7 58 617.732 5.87139 9.39043
7 59 662.483 6.08113 3.31938
7 60 682.224 6.20037 3.40608
7 61 679.962 8.7608 3.90996
7 62 685.176 6.39863 4.90776
7 63 641.853 6.10446 2.48507
7 64 712.624 6.20011 2.05129
7 65 693.429 9.00027 8.90216
7 66 595.714 6.39134 3.49842
7 67 655.081 9.18312 8.91144
7 68 612.248 7.26908 1.33482
7 69 612.662 6.39257 2.26043
7 70 614.08 10.1149 3.22331
7 71 648.357 7.93551 3.85185
7 72 649.243 7.87587 2.63509
7 73 655.714 6.30924 69.3328
7 74 611.641 9.08306 7.92219
7 75 652.867 13.551 11.6587
7 76 628.057 10.544 35.3965
7 77 618.789 10.2669 23.4025
7 78 606.506 6.46025 16.4167
7 79 595.157 9.78639 17.3137
7 80 662.041 6.11918 111.124
7 81 595.315 9.12071 4.71358
7 82 657.23 6.23002 26.7084
7 83 619.833 9.64326 6.80293
7 84 603.488 6.63579 1.94363
7 85 649.835 6.24271 2.96917
7 86 616.011 9.07223 4.65538
7 87 623.568 6.09727 6.34135
7 88 652.784 6.47267 17.1448
7 89 641.467 6.28819 4.58315
7 90 638.613 9.4584 6.66219
7 91 594.782 9.83043 27.1494
7 92 597.857 9.61458 10.6162
7 93 622.698 8.71007 7.0909
7 94 635.803 6.12706 2.65252
7 95 603.961 9.80073 5.78911
7 96 589.822 6.4215 51.7574
7 97 592.577 8.69302 42.9362
7 98 570.111 6.51489 3.10748
7 99 586.289 9.16058 5.49405
7 100 574.887 6.72151 4.83676
7 101 597.62 6.35583 2.13388
7 102 597.125 10.1444 5.96921
7 103 580.589 6.78782 5.0859
7 104 595.656 6.7462 3.61447
7 105 599.841 6.39906 43.3636
7 106 580.91 9.20383 4.14583
7 107 595.514 9.69267 3.88314
7 108 577.234 9.58727 23.5158
7 109 570.249 9.22427 58.3224
7 110 594.116 6.6089 2.13876
7 111 615.316 9.15983 8.93977
7 112 631.667 6.26037 4.41894
7 113 630.196 9.10947 3.40668
7 114 641.492 9.10778 4.89453
7 115 614.086 6.81093 4.24161
7 116 605.185 10.2388 4.80117
7 117 623.879 7.02059 2.25566
7 118 629.229 9.59479 5.2162
7 119 642.403 6.542 1.43907
7 120 629.349 6.73906 15.9064
7 121 640.964 9.07263 4.70203
7 122 630.811 6.51408 2.81099
7 123 616.693 9.50779 4.2411
7 124 637.787 6.56065 17.0008
7 125 637.861 9.02502 2.65959
7 126 641.169 6.27137 8.45232
7 127 609.254 9.90983 6.32892
8 0 709.972 12.4178 37.7736
8 1 652.344 12.584 34.8172
8 2 616.489 15.2546 8.48217
8 3 598.396 12.0328 10.6009
8 4 654.813 12.2996 27.6354
8 5 607.74 10.8282 10.6382
8 6 638.096 12.2074 5.99756
8 7 618.377 11.8215 17.3786
8 8 603.11 9.36462 5.12496
8 9 593.808 8.40751 4.37632
8 10 654.03 8.22926 56.3951
8 11 613.849 7.57242 8.81709
8 12 705.124 9.53677 15.5523
8 13 643.829 9.20735 21.4098
8 14 633.395 12.3543 43.185
8 15 613.601 12.3863 3.57591
8 16 595.015 9.95104 3.30273
8 17 606.948 8.81576 99.7833
8 18 600.107 10.8033 22.1771
8 19 590.227 9.55393 11.0033
8 20 612.069 8.58738 3.4951
8 21 615.806 7.54805 2.24774
8 22 627.394 7.69237 3.2254
8 23 618.691 6.86261 5.46516
8 24 600.236 8.96389 7.37672
8 25 603.818 8.61011 36.7514
8 26 624.708 9.96393 4.81215
8 27 615.77 9.14468 17.4384
8 28 628.703 9.17025 4.49285
8 29 611.18 9.04894 34.9595
8 30 626.938 9.68016 3.73186
8 31 611.046 9.28153 14.8091
8 32 734.51 8.28542 63.0851
8 33 618.45 8.20913 18.7052
8 34 664.456 9.00641 5.38319
8 35 619.546 8.53339 14.9987
8 36 684.171 9.34607 55.1342
8 37 629.488 8.87425 20.7994
8 38 709.319 8.88046 3.97246
8 39 640.999 8.86485 24.1058
8 40 649.911 9.37957 9.08912
8 41 615.11 8.41711 10.9577
8 42 716.45 9.09479 27.2178
8 43 676.232 7.89638 9.57288
8 44 661.707 8.886 10.6335
8 45 620.962 8.22596 23.2473
8 46 718.656 8.57512 22.9595
8 47 659.316 7.08828 233.652
8 48 642.273 8.78273 8.01813
8 49 627.326 7.59452 53.0233
8 50 633.799 9.04119 10.2908
8 51 619.198 7.65323 37.489
8 52 611.968 8.85579 14.0742
8 53 604.684 7.34757 5.47
8 54 637.85 8.75356 88.563
8 55 602.917 8.06812 19.1278
8 56 648.333 10.1289 21.6886
8 57 627.671 7.09453 25.6979
8 58 633.447 8.14455 6.94259
8 59 664.42 6.98884 4.49871
8 60 721.664 13.4259 67.6188
8 61 667.058 13.193 57.3609
8 62 699.463 9.42605 21.6679
8 63 634.224 8.79669 18.5099
8 64 693.744 10.8115 39.9277
8 65 700.842 10.9329 3.48899
8 66 612.143 18.7012 20.0403
8 67 657.361 10.6561 1.7317
8 68 627.866 11.1515 4.03121
8 69 616.712 13.2041 4.8731
8 70 605.929 12.4875 8.1513
8 71 629.137 12.7068 12.3859
8 72 644.433 15.2422 12.0992
8 73 639.597 11.9954 28.8856
8 74 617.003 9.32913 8.27104
8 75 665.244 18.5589 43.8905
8 76 604.029 19.2982 25.5449
8 77 601.69 12.5496 9.63911
8 78 596.676 18.4435 26.5737
8 79 593.327 17.727 14.7645
8 80 650.361 10.293 15.0025
8 81 607.442 12.3614 82.6111
8 82 638.172 10.3121 20.9586
8 83 605.307 12.9747 45.1739
8 84 605.653 10.565 9.5782
8 85 626.763 11.3778 16.3576
8 86 622.702 10.4347 12.1807
8 87 603.903 8.42049 3.68656
8 88 653.786 13.6442 77.8206
8 89 638.129 12.5463 79.6392
8 90 630.905 12.5708 74.3732
8 91 614.839 14.5482 78.9162
8 92 599.93 13.2999 36.1456
8 93 621.842 12.2336 68.9701
8 94 616.695 11.5426 42.2201
8 95 611.576 13.7809 38.4062
8 96 602.911 12.1509 51.9643
8 97 614.688 12.4097 108.571
8 98 593.157 13.3238 87.6014
8 99 608.871 13.5678 82.258
8 100 599.119 13.6338 76.383
8 101 589.934 11.9798 76.0454
8 102 593.606 14.787 95.5733
8 103 593.15 14.0179 98.0413
8 104 608.046 14.5535 143.921
8 105 621.639 12.8288 80.6978
8 106 603.254 13.0771 92.9979
8 107 619.656 13.411 160.348
8 108 597.693 13.1679 86.2791
8 109 593.895 14.1693 119.091
8 110 579.433 14.7651 104.852
8 111 610.681 12.5872 69.9627
8 112 644.185 12.1949 70.3384
8 113 636.276 12.6428 97.052
8 114 644.056 13.6357 115.517
8 115 619.699 14.5983 103.748
8 116 618.692 15.2316 101.316
8 117 620.5 14.9331 118.845
8 118 631.109 13.6587 132.909
8 119 641.003 13.9431 116.326
8 120 653.825 15.7578 110.944
8 121 639.705 14.3296 74.4492
8 122 640.808 14.6311 84.6614
8 123 614.028 16.2647 95.3169
8 124 661.516 13.2741 99.4212
8 125 636.126 13.8329 77.0416
8 126 641.076 13.6059 80.0379
8 127 634.278 15.1284 135.46
9 0 711.236 24.1149 25.28
9 1 675.497 12.4371 34.827
9 2 603.474 33.1183 8.06069
9 3 625.193 19.3017 10.6006
9 4 652.309 19.1104 24.8066
9 5 606.284 10.5428 45.5332
9 6 605.061 17.6885 5.69672
9 7 622.505 9.13129 9.01861
9 8 607.94 74.628 11.1933
9 9 579.378 64.537 6.81119
9 10 613.491 74.1992 5.7553
9 11 636.391 62.4479 6.2591
9 12 679.336 59.4428 7.91642
9 13 650.096 52.6119 7.9141
9 14 612.362 52.5639 6.05819
9 15 616.987 41.4546 7.88187
9 16 590.948 8.51054 2.51626
9 17 600.57 7.58437 2.37445
9 18 588.674 10.4155 13.2916
9 19 574.411 9.33899 3.24445
9 20 597.378 9.61042 5.02772
9 21 596.36 12.5312 10.278
9 22 610.109 61.5618 7.10361
9 23 596.758 47.6133 8.30114
9 24 594.173 9.75911 12.1095
9 25 591.559 10.9257 12.9467
9 26 607.484 10.8219 4.47066
9 27 614.468 11.3228 9.09037
9 28 611.391 9.85948 4.84829
9 29 619.202 10.3553 4.60175
9 30 608.741 10.3447 4.77353
9 31 581.375 10.2917 5.05837
9 32 691.127 10.4921 4.82814
9 33 625.629 10.538 4.03597
9 34 651.369 9.90734 8.29731
9 35 623.838 10.2981 8.54722
9 36 643.76 10.5576 5.04132
9 37 627 10.9525 5.6435
9 38 668.142 10.2425 4.81202
9 39 627.188 10.1367 1.63113
9 40 600.79 11.7579 6.14515
9 41 606.089 11.218 6.62748
9 42 683.114 11.9256 33.797
9 43 695.203 9.83791 7.47179
9 44 621.067 11.7325 11.8625
9 45 615.757 10.2814 13.7897
9 46 679.232 11.5244 11.0915
9 47 657.894 9.50868 3.65997
9 48 626.977 11.6471 15.0883
9 49 606.898 8.37001 2.97665
9 50 622.569 12.1588 11.9714
9 51 589.798 9.89313 10.3345
9 52 594.72 12.5512 10.6564
9 53 598.639 10.2723 3.71239
9 54 616.067 12.7729 18.5507
9 55 608.221 10.4491 3.07177
9 56 615.567 11.56 14.6188
9 57 622.9 9.48707 18.0981
9 58 603.379 12.0818 20.0489
9 59 683.047 9.21379 9.83782
9 60 706.656 9.49919 10.9418
9 61 671.034 11.5037 24.1617
9 62 679.108 11.2104 11.396
9 63 642.736 9.09707 7.41933
9 64 696.877 18.8901 30.9016
9 65 663.384 14.8721 16.8242
9 66 586.34 28.2647 15.0057
9 67 654.543 10.293 6.64919
9 68 603.785 14.4947 40.7467
9 69 584.237 22.1364 14.2965
9 70 595.932 10.988 14.6218
9 71 611.303 12.4135 9.19855
9 72 646.524 14.4323 20.8
9 73 613.353 48.1172 14.0011
9 74 596.373 56.2669 7.87145
9 75 661.427 10.2136 9.87783
9 76 579.105 31.527 19.8359
9 77 584.313 41.2658 13.4868
9 78 590.396 35.2681 13.0548
9 79 572.033 21.2543 20.0179
9 80 637.545 8.19849 2.62024
9 81 597.428 13.1533 44.4983
9 82 636.023 18.2344 14.1555
9 83 617.538 23.3857 20.5169
9 84 601.629 61.8928 9.74384
9 85 630.492 40.0779 13.3727
9 86 610.829 53.1538 10.6277
9 87 609.68 58.6726 9.24301
9 88 636.593 14.4099 30.9789
9 89 645.613 13.2831 19.2637
9 90 625.865 16.2306 12.3253
9 91 608.101 17.9337 21.885
9 92 603.899 11.9602 4.58116
9 93 612.418 14.09 9.82643
9 94 621.837 11.9918 10.7252
9 95 604.376 13.2951 9.8003
9 96 608.071 12.9096 35.8801
9 97 596.047 15.3588 11.3383
9 98 573.547 12.6956 17.0937
9 99 575.866 16.8377 17.5369
9 100 594.673 13.8359 45.5374
9 101 578.945 12.5059 13.782
9 102 601.837 17.8223 15.8732
9 103 596.932 15.3249 24.7678
9 104 592.062 13.9311 47.6248
9 105 600.698 13.9109 17.7559
9 106 583.913 15.1764 9.99798
9 107 615.973 16.7351 15.9771
9 108 600.691 15.9389 17.4932
9 109 578.732 16.292 20.4209
9 110 581.42 14.8646 27.1911
9 111 604.326 14.9024 15.061
9 112 625.533 12.0734 72.93
9 113 593.521 12.256 54.1502
9 114 619.995 13.4632 12.6968
9 115 590.406 14.0214 30.2317
9 116 588.551 16.2908 15.0092
9 117 618.845 14.3451 24.757
9 118 641.962 14.6119 16.5126
9 119 618.095 12.9097 22.0258
9 120 619.326 7.85529 10.3368
9 121 608.781 9.42489 10.2708
9 122 638.504 7.31493 2.76246
9 123 607.355 11.3669 35.1722
9 124 644.369 13.7636 20.6144
9 125 622.366 8.77706 15.0672
9 126 621.596 6.66666 11.8767
9 127 619.286 15.3385 28.4349
#RMS dis
# 1.87507 783 3 15
# 3.6795 539 2 27
# 5.35165 1583 6 47
# 5.51929 1824 7 32
# 5.61187 1830 7 38
# 5.67836 1826 7 34
# 5.69117 1045 4 21
# 5.69187 1053 4 29
# 5.74593 1838 7 46
# 5.75927 1033 4 9
# 5.75962 1035 4 11
# 5.78493 1061 4 37
# 5.79714 1047 4 23
# 5.85288 1281 5 1
# 5.86247 1063 4 39
# 5.87139 1850 7 58
# 5.91605 1055 4 31
# 5.91795 1844 7 52
# 5.92858 1118 4 94
# 5.96068 1338 5 58
# 6.00004 1836 7 44
# 6.01478 1334 5 54
# 6.03663 1839 7 47
# 6.04013 1340 5 60
# 6.04184 1816 7 24
# 6.05223 1834 7 42
# 6.0526 1322 5 42
# 6.06111 1846 7 54
# 6.07122 1330 5 50
# 6.07669 1818 7 26
# 6.07807 1106 4 82
# 6.08113 1851 7 59
# 6.08561 1049 4 25
# 6.09424 1837 7 45
# 6.09472 1841 7 49
# 6.09727 1879 7 87
# 6.09931 1111 4 87
# 6.10194 1328 5 48
# 6.10446 1855 7 63
# 6.10895 1041 4 17
# 6.11773 1109 4 85
# 6.11888 1108 4 84
# 6.11918 1872 7 80
# 6.12706 1886 7 94
# 6.13088 1568 6 32
# 6.13649 1828 7 36
# 6.15036 1849 7 57
# 6.18497 1832 7 40
# 6.19269 1283 5 3
# 6.19569 1848 7 56
# 6.20011 1856 7 64
# 6.20037 1852 7 60
# 6.20387 1113 4 89
# 6.20554 1827 7 35
# 6.21307 1843 7 51
# 6.21973 1043 4 19
# 6.23002 1874 7 82
# 6.23263 1842 7 50
# 6.23551 1332 5 52
# 6.23599 1840 7 48
# 6.24271 1877 7 85
# 6.2429 1845 7 53
# 6.26037 1904 7 112
# 6.26784 1831 7 39
# 6.2687 1829 7 37
# 6.27137 1918 7 126
# 6.27208 1059 4 35
# 6.27675 1570 6 34
# 6.28194 1582 6 46
# 6.28819 1881 7 89
# 6.29183 1812 7 20
# 6.29603 1104 4 80
# 6.30101 1312 5 32
# 6.30924 1865 7 73
# 6.33153 1112 4 88
# 6.33848 303 1 47
# 6.35583 1893 7 101
# 6.36393 1820 7 28
# 6.36538 1037 4 13
# 6.36864 1324 5 44
# 6.37032 1847 7 55
# 6.37949 1326 5 46
# 6.38524 1817 7 25
# 6.38668 1329 5 49
# 6.39134 1858 7 66
# 6.39257 1861 7 69
# 6.39863 1854 7 62
# 6.39906 1897 7 105
# 6.40054 1550 6 14
# 6.41231 1065 4 41
# 6.4199 1574 6 38
# 6.4215 1888 7 96
# 6.42162 1392 5 112
# 6.43636 1069 4 45
# 6.4409 1833 7 41
# 6.45451 1821 7 29
# 6.45764 1814 7 22
# 6.45994 1808 7 16
# 6.46025 1870 7 78
# 6.4668 1805 7 13
# 6.47212 1578 6 42
# 6.47267 1880 7 88
# 6.48337 1835 7 43
# 6.48478 1099 4 75
# 6.49325 1804 7 12
# 6.49712 1051 4 27
# 6.49832 1580 6 44
# 6.50674 1648 6 112
# 6.51408 1914 7 122
# 6.51489 1890 7 98
# 6.53265 1662 6 126
# 6.53426 1806 7 14
# 6.542 1911 7 119
# 6.54503 1815 7 23
# 6.55733 1588 6 52
# 6.56065 1916 7 124
# 6.56518 1810 7 18
# 6.56967 1811 7 19
# 6.57142 1122 4 98
# 6.57445 1124 4 100
# 6.57626 1073 4 49
# 6.58285 1036 4 12
# 6.58493 1125 4 101
# 6.59501 1809 7 17
# 6.6028 1823 7 31
# 6.6089 1902 7 110
# 6.60952 1044 4 20
# 6.61176 1339 5 59
# 6.62009 1802 7 10
# 6.62343 1813 7 21
# 6.63579 1876 7 84
# 6.64844 1803 7 11
# 6.6502 1819 7 27
# 6.65421 1087 4 63
# 6.66666 2430 9 126
# 6.66722 1822 7 30
# 6.67918 1331 5 51
# 6.68035 1562 6 26
# 6.68162 1314 5 34
# 6.68293 1120 4 96
# 6.70055 1032 4 8
# 6.70688 1660 6 124
# 6.72151 1892 7 100
# 6.72689 1046 4 22
# 6.72926 1075 4 51
# 6.73213 1590 6 54
# 6.73286 1586 6 50
# 6.73357 1572 6 36
# 6.73906 1912 7 120
# 6.74521 1576 6 40
# 6.7462 1896 7 104
# 6.77279 1128 4 104
# 6.77455 1323 5 43
# 6.77721 1548 6 12
# 6.77742 1406 5 126
# 6.77759 1084 4 60
# 6.78132 1585 6 49
# 6.78219 1344 5 64
# 6.78782 1895 7 103
# 6.7883 1794 7 2
# 6.79445 1034 4 10
# 6.81093 1907 7 115
# 6.8154 1792 7 0
# 6.82127 1573 6 37
# 6.83212 1402 5 122
# 6.83459 1801 7 9
# 6.83467 1097 4 73
# 6.8371 1589 6 53
# 6.83927 1058 4 34
# 6.84449 1052 4 28
# 6.84639 1581 6 45
# 6.84718 1560 6 24
# 6.85209 1637 6 101
# 6.85283 1579 6 43
# 6.86261 2071 8 23
# 6.86593 1641 6 105
# 6.86611 1616 6 80
# 6.88175 309 1 53
# 6.88227 1655 6 119
# 6.88397 1057 4 33
# 6.89267 1807 7 15
# 6.8984 1564 6 28
# 6.89995 1029 4 5
# 6.90052 1587 6 51
# 6.91144 1285 5 5
# 6.91435 1318 5 38
# 6.91624 1127 4 103
# 6.92436 1630 6 94
# 6.92517 1040 4 16
# 6.932 1658 6 122
# 6.93524 1038 4 14
# 6.94907 1083 4 59
# 6.95967 1575 6 39
# 6.96099 1632 6 96
# 6.96354 301 1 45
# 6.98198 1584 6 48
# 6.98535 1549 6 13
# 6.98884 2107 8 59
# 7.00185 1656 6 120
# 7.00435 1800 7 8
# 7.00604 1569 6 33
# 7.01149 1636 6 100
# 7.02059 1909 7 117
# 7.02499 1795 7 3
# 7.03564 1591 6 55
# 7.05231 1056 4 32
# 7.05402 1557 6 21
# 7.05441 1304 5 24
# 7.0549 1595 6 59
# 7.05758 1546 6 10
# 7.05843 1566 6 30
# 7.06313 1048 4 24
# 7.07558 1634 6 98
# 7.07882 1561 6 25
# 7.07924 1577 6 41
# 7.08056 1640 6 104
# 7.08828 2095 8 47
# 7.09009 1031 4 7
# 7.09453 2105 8 57
# 7.09561 1556 6 20
# 7.09778 1653 6 117
# 7.09916 1571 6 35
# 7.09943 1335 5 55
# 7.11745 1651 6 115
# 7.11904 1563 6 27
# 7.13585 1793 7 1
# 7.14252 1625 6 89
# 7.14663 1594 6 58
# 7.15075 1554 6 18
# 7.1563 1042 4 18
# 7.16053 1624 6 88
# 7.16433 1565 6 29
# 7.16645 1602 6 66
# 7.16977 1609 6 73
# 7.17835 1646 6 110
# 7.18032 1400 5 120
# 7.18316 1320 5 40
# 7.18579 1558 6 22
# 7.18926 1552 6 16
# 7.19049 1567 6 31
# 7.19079 1316 5 36
# 7.19218 1071 4 47
# 7.19803 1088 4 64
# 7.20175 1600 6 64
# 7.21348 1551 6 15
# 7.21607 58 0 58
# 7.2204 1592 6 56
# 7.22751 1545 6 9
# 7.25316 1102 4 78
# 7.25357 1555 6 19
# 7.25388 1559 6 23
# 7.25391 551 2 39
# 7.25428 1618 6 82
# 7.2568 1553 6 17
# 7.26069 1598 6 62
# 7.26908 1860 7 68
# 7.2915 1081 4 57
# 7.29655 1605 6 69
# 7.30346 1593 6 57
# 7.30805 1639 6 103
# 7.31338 1621 6 85
# 7.31493 2426 9 122
# 7.32124 1623 6 87
# 7.32174 1295 5 15
# 7.32588 1547 6 11
# 7.3296 59 0 59
# 7.34757 2101 8 53
# 7.35347 549 2 37
# 7.36903 1134 4 110
# 7.37888 1620 6 84
# 7.40954 297 1 41
# 7.42697 1336 5 56
# 7.42777 1327 5 47
# 7.42787 537 2 25
# 7.43553 1054 4 30
# 7.43825 1121 4 97
# 7.44928 1347 5 67
# 7.45582 1538 6 2
# 7.47108 49 0 49
# 7.47208 1062 4 38
# 7.47678 1337 5 57
# 7.48508 1060 4 36
# 7.48747 1123 4 99
# 7.4908 1050 4 26
# 7.52242 547 2 35
# 7.53281 1599 6 63
# 7.54805 2069 8 21
# 7.57242 2059 8 11
# 7.58437 2321 9 17
# 7.58631 1308 5 28
# 7.58774 571 2 59
# 7.59452 2097 8 49
# 7.60127 1090 4 66
# 7.61826 48 0 48
# 7.62098 1544 6 8
# 7.62826 1280 5 0
# 7.62908 289 1 33
# 7.64122 1797 7 5
# 7.64429 1536 6 0
# 7.64524 277 1 21
# 7.65323 2099 8 51
# 7.65428 1306 5 26
# 7.66671 1146 4 122
# 7.67778 1343 5 63
# 7.68261 1282 5 2
# 7.68917 1537 6 1
# 7.69237 2070 8 22
# 7.69963 1342 5 62
# 7.70589 613 2 101
# 7.73338 1349 5 69
# 7.74074 1539 6 3
# 7.74271 561 2 49
# 7.75427 1117 4 93
# 7.76837 1796 7 4
# 7.76952 1543 6 7
# 7.77188 1039 4 15
# 7.7736 279 1 23
# 7.77928 1614 6 78
# 7.78247 608 2 96
# 7.80036 269 1 13
# 7.81896 1105 4 81
# 7.8229 1596 6 60
# 7.82642 1093 4 69
# 7.84924 1541 6 5
# 7.85529 2424 9 120
# 7.86109 1385 5 105
# 7.87587 1864 7 72
# 7.8779 563 2 51
# 7.89436 1376 5 96
# 7.89638 2091 8 43
# 7.89792 1404 5 124
# 7.91231 1333 5 53
# 7.92031 1294 5 14
# 7.92232 1348 5 68
# 7.92288 1341 5 61
# 7.93272 311 1 55
# 7.93551 1863 7 71
# 7.93827 271 1 15
# 7.93844 1025 4 1
# 7.94549 1293 5 13
# 7.96731 817 3 49
# 7.96813 1798 7 6
# 7.96831 827 3 59
# 7.99828 610 2 98
# 7.99956 51 0 51
# 8.0003 1352 5 72
# 8.0283 1284 5 4
# 8.04018 1067 4 43
# 8.04459 636 2 124
# 8.055 1540 6 4
# 8.06654 1604 6 68
# 8.06812 2103 8 55
# 8.08116 273 1 17
# 8.09493 554 2 42
# 8.10685 825 3 57
# 8.11786 1346 5 66
# 8.12369 1381 5 101
# 8.1337 1133 4 109
# 8.14455 2106 8 58
# 8.16881 1126 4 102
# 8.17201 288 1 32
# 8.19008 828 3 60
# 8.19849 2384 9 80
# 8.20038 267 1 11
# 8.20098 627 2 115
# 8.20127 1310 5 30
# 8.20363 1144 4 120
# 8.20913 2081 8 33
# 8.21313 50 0 50
# 8.21761 1150 4 126
# 8.21856 631 2 119
# 8.22596 2093 8 45
# 8.22744 616 2 104
# 8.22926 2058 8 10
# 8.22973 819 3 51
# 8.2365 1137 4 113
# 8.24388 265 1 9
# 8.25344 632 2 120
# 8.26438 1309 5 29
# 8.26685 1601 6 65
# 8.26827 1374 5 94
# 8.27102 1114 4 90
# 8.27273 380 1 124
# 8.28347 60 0 60
# 8.28542 2080 8 32
# 8.28634 624 2 112
# 8.2935 275 1 19
# 8.30457 1650 6 114
# 8.30786 1629 6 93
# 8.30974 555 2 43
# 8.32451 545 2 33
# 8.34291 638 2 126
# 8.34511 1080 4 56
# 8.35576 1603 6 67
# 8.35753 1661 6 125
# 8.35998 57 0 57
# 8.36647 1300 5 20
# 8.37001 2353 9 49
# 8.37255 546 2 34
# 8.37421 1622 6 86
# 8.3782 1542 6 6
# 8.38431 1135 4 111
# 8.38929 1298 5 18
# 8.39114 1296 5 16
# 8.40751 2057 8 9
# 8.41168 270 1 14
# 8.41711 2089 8 41
# 8.42049 2135 8 87
# 8.42282 566 2 54
# 8.4354 1649 6 113
# 8.46489 375 1 119
# 8.46489 1132 4 108
# 8.47105 536 2 24
# 8.47877 1369 5 89
# 8.49253 1642 6 106
# 8.49286 1291 5 11
# 8.49816 1633 6 97
# 8.50998 562 2 50
# 8.51054 2320 9 16
# 8.53339 2083 8 35
# 8.53571 1608 6 72
# 8.54214 1026 4 2
# 8.54266 1617 6 81
# 8.54314 572 2 60
# 8.54845 1378 5 98
# 8.55216 823 3 55
# 8.556 112 0 112
# 8.55808 287 1 31
# 8.56405 1303 5 23
# 8.5728 1657 6 121
# 8.57314 1305 5 25
# 8.57512 2094 8 46
# 8.58739 2068 8 20
# 8.59497 1647 6 111
# 8.59523 1405 5 125
# 8.61011 2073 8 25
# 8.61259 1292 5 12
# 8.61641 629 2 117
# 8.61855 1136 4 112
# 8.61935 1654 6 118
# 8.62505 1311 5 31
# 8.6277 1799 7 7
# 8.62862 276 1 20
# 8.63908 612 2 100
# 8.64067 1024 4 0
# 8.64334 1079 4 55
# 8.64876 567 2 55
# 8.65568 1289 5 9
# 8.65719 1115 4 91
# 8.66719 1116 4 92
# 8.69252 550 2 38
# 8.69302 1889 7 97
# 8.7012 1302 5 22
# 8.70424 1368 5 88
# 8.70627 1301 5 21
# 8.71007 1885 7 93
# 8.71138 1110 4 86
# 8.71228 565 2 53
# 8.71541 1393 5 113
# 8.71616 553 2 41
# 8.71786 1645 6 109
# 8.72643 831 3 63
# 8.73378 1635 6 99
# 8.73635 1027 4 3
# 8.74319 634 2 122
# 8.74825 1325 5 45
# 8.7531 564 2 52
# 8.75356 2102 8 54
# 8.75816 622 2 110
# 8.7608 1853 7 61
# 8.76081 1390 5 110
# 8.77706 2429 9 125
# 8.77743 1643 6 107
# 8.78249 373 1 117
# 8.78273 2096 8 48
# 8.78294 371 1 115
# 8.785 617 2 105
# 8.78977 285 1 29
# 8.79072 42 0 42
# 8.79669 2111 8 63
# 8.80996 278 1 22
# 8.81576 2065 8 17
# 8.81985 1119 4 95
# 8.8224 1644 6 108
# 8.82342 1131 4 107
# 8.8313 1350 5 70
# 8.83604 1287 5 7
# 8.84114 268 1 12
# 8.84173 559 2 47
# 8.84267 1384 5 104
# 8.84282 1380 5 100
# 8.84295 1615 6 79
# 8.85579 2100 8 52
# 8.86485 2087 8 39
# 8.87425 2085 8 37
# 8.88046 2086 8 38
# 8.88299 1360 5 80
# 8.886 2092 8 44
# 8.8923 538 2 26
# 8.89278 1145 4 121
# 8.89441 1663 6 127
# 8.8983 258 1 2
# 8.90867 1092 4 68
# 8.91938 811 3 43
# 8.91959 1610 6 74
# 8.92172 1399 5 119
# 8.92422 570 2 58
# 8.92817 560 2 48
# 8.93021 1286 5 6
# 8.95974 1619 6 83
# 8.96389 2072 8 24
# 8.97474 1394 5 114
# 8.98547 62 0 62
# 8.98647 1627 6 91
# 8.98841 1626 6 90
# 8.99122 1397 5 117
# 8.99526 1652 6 116
# 9.00027 1857 7 65
# 9.00641 2082 8 34
# 9.01043 544 2 32
# 9.01214 533 2 21
# 9.02192 1149 4 125
# 9.02502 1917 7 125
# 9.02853 1299 5 19
# 9.04119 2098 8 50
# 9.04714 1307 5 27
# 9.04801 1297 5 17
# 9.04893 2077 8 29
# 9.05413 1362 5 82
# 9.06057 1612 6 76
# 9.0643 1028 4 4
# 9.07223 1878 7 86
# 9.07263 1913 7 121
# 9.07409 557 2 45
# 9.07531 1659 6 123
# 9.0759 299 1 43
# 9.07624 1607 6 71
# 9.08306 1866 7 74
# 9.09236 1401 5 121
# 9.09479 2090 8 42
# 9.09707 2367 9 63
# 9.10778 1906 7 114
# 9.10947 1905 7 113
# 9.11164 826 3 58
# 9.12071 1873 7 81
# 9.12437 1138 4 114
# 9.13129 2311 9 7
# 9.13755 558 2 46
# 9.13771 43 0 43
# 9.14468 2075 8 27
# 9.15983 1903 7 111
# 9.16028 1353 5 73
# 9.16058 1891 7 99
# 9.161 1358 5 78
# 9.17025 2076 8 28
# 9.18056 1077 4 53
# 9.18312 1859 7 67
# 9.18507 1290 5 10
# 9.20383 1898 7 106
# 9.20735 2061 8 13
# 9.21379 2363 9 59
# 9.22427 1901 7 109
# 9.23707 1317 5 37
# 9.24211 1383 5 103
# 9.24261 1359 5 79
# 9.25533 1086 4 62
# 9.25944 1373 5 93
# 9.2665 1628 6 92
# 9.27501 56 0 56
# 9.27618 1351 5 71
# 9.28153 2079 8 31
# 9.28247 1319 5 39
# 9.29194 302 1 46
# 9.30447 548 2 36
# 9.31783 633 2 121
# 9.32913 2122 8 74
# 9.33759 1638 6 102
# 9.33899 2323 9 19
# 9.34607 2084 8 36
# 9.3467 1367 5 87
# 9.36462 2056 8 8
# 9.36517 1064 4 40
# 9.37599 259 1 3
# 9.37949 308 1 52
# 9.37957 2088 8 40
# 9.38542 1631 6 95
# 9.38659 350 1 94
# 9.38902 1606 6 70
# 9.40704 1107 4 83
# 9.42489 2425 9 121
# 9.42605 2110 8 62
# 9.452 626 2 114
# 9.45279 821 3 53
# 9.4528 1407 5 127
# 9.4584 1882 7 90
# 9.46766 824 3 56
# 9.46846 1386 5 106
# 9.47274 1398 5 118
# 9.48652 264 1 8
# 9.48707 2361 9 57
# 9.49497 266 1 10
# 9.4989 1613 6 77
# 9.49919 2364 9 60
# 9.50397 1147 4 123
# 9.50778 1915 7 123
# 9.50868 2351 9 47
# 9.51451 600 2 88
# 9.51902 813 3 45
# 9.52876 609 2 97
# 9.53677 2060 8 12
# 9.55393 2067 8 19
# 9.55462 625 2 113
# 9.56414 290 1 34
# 9.567 300 1 44
# 9.56744 615 2 103
# 9.5806 336 1 80
# 9.58727 1900 7 108
# 9.59479 1910 7 118
# 9.61042 2324 9 20
# 9.61458 1884 7 92
# 9.62457 637 2 125
# 9.64326 1875 7 83
# 9.65519 1082 4 58
# 9.67426 1365 5 85
# 9.67455 361 1 105
# 9.68016 2078 8 30
# 9.68238 63 0 63
# 9.69117 55 0 55
# 9.69267 1899 7 107
# 9.70017 1085 4 61
# 9.70719 1361 5 81
# 9.70794 1395 5 115
# 9.71909 1098 4 74
# 9.72438 256 1 0
# 9.73969 635 2 123
# 9.75911 2328 9 24
# 9.77078 1396 5 116
# 9.77224 54 0 54
# 9.78172 1288 5 8
# 9.78182 575 2 63
# 9.78285 592 2 80
# 9.78639 1871 7 79
# 9.80073 1887 7 95
# 9.80691 296 1 40
# 9.81327 1321 5 41
# 9.83043 1883 7 91
# 9.83791 2347 9 43
# 9.85208 360 1 104
# 9.85948 2332 9 28
# 9.88959 370 1 114
# 9.89165 1148 4 124
# 9.89313 2355 9 51
# 9.90734 2338 9 34
# 9.90983 1919 7 127
# 9.91691 618 2 106
# 9.93245 1356 5 76
# 9.93626 52 0 52
# 9.95104 2064 8 16
# 9.96393 2074 8 26
# 10.0145 1370 5 90
# 10.0285 345 1 89
# 10.0442 272 1 16
# 10.0598 540 2 28
# 10.0651 569 2 57
# 10.0662 611 2 99
# 10.0707 1030 4 6
# 10.0778 800 3 32
# 10.0961 383 1 127
# 10.1053 556 2 44
# 10.1085 1364 5 84
# 10.1149 1862 7 70
# 10.1155 830 3 62
# 10.1244 338 1 82
# 10.1255 818 3 50
# 10.1289 2104 8 56
# 10.1367 2343 9 39
# 10.1405 1130 4 106
# 10.1444 1894 7 102
# 10.1595 1313 5 33
# 10.1654 594 2 82
# 10.1683 307 1 51
# 10.1717 363 1 107
# 10.1886 1366 5 86
# 10.1899 46 0 46
# 10.1914 1095 4 71
# 10.1969 1354 5 74
# 10.203 1372 5 92
# 10.2057 113 0 113
# 10.2136 2379 9 75
# 10.2155 1068 4 44
# 10.2388 1908 7 116
# 10.2425 2342 9 38
# 10.2437 822 3 54
# 10.2668 880 3 112
# 10.2669 1869 7 77
# 10.2723 2357 9 53
# 10.2814 2349 9 45
# 10.2865 820 3 52
# 10.288 639 2 127
# 10.2917 2335 9 31
# 10.293 2371 9 67
# 10.293 2128 8 80
# 10.2981 2339 9 35
# 10.3096 122 0 122
# 10.3121 2130 8 82
# 10.3259 621 2 109
# 10.3306 1357 5 77
# 10.3334 814 3 46
# 10.3417 815 3 47
# 10.3447 2334 9 30
# 10.3468 801 3 33
# 10.3553 2333 9 29
# 10.3688 366 1 110
# 10.3697 1151 4 127
# 10.3735 61 0 61
# 10.395 374 1 118
# 10.3977 810 3 42
# 10.4012 890 3 122
# 10.4139 816 3 48
# 10.4155 2322 9 18
# 10.4264 552 2 40
# 10.4324 362 1 106
# 10.4347 2134 8 86
# 10.4491 2359 9 55
# 10.4551 623 2 111
# 10.4569 1143 4 119
# 10.4601 1403 5 123
# 10.481 803 3 35
# 10.4896 619 2 107
# 10.4921 2336 9 32
# 10.4924 1315 5 35
# 10.5024 53 0 53
# 10.504 620 2 108
# 10.5096 812 3 44
# 10.5311 47 0 47
# 10.538 2337 9 33
# 10.5428 2309 9 5
# 10.544 1868 7 76
# 10.5576 2340 9 36
# 10.565 2132 8 84
# 10.5706 894 3 126
# 10.5865 126 0 126
# 10.6001 260 1 4
# 10.6071 568 2 56
# 10.6247 320 1 64
# 10.6331 1089 4 65
# 10.6394 1363 5 83
# 10.6521 630 2 118
# 10.6561 2115 8 67
# 10.6636 628 2 116
# 10.689 124 0 124
# 10.7168 792 3 24
# 10.7208 1078 4 54
# 10.7313 1355 5 75
# 10.7811 274 1 18
# 10.7948 1375 5 95
# 10.8 1096 4 72
# 10.8033 2066 8 18
# 10.8115 2112 8 64
# 10.8195 888 3 120
# 10.8219 2330 9 26
# 10.8282 2053 8 5
# 10.8613 1371 5 91
# 10.8773 802 3 34
# 10.8992 806 3 38
# 10.916 372 1 116
# 10.9184 1139 4 115
# 10.9257 2329 9 25
# 10.9282 1070 4 46
# 10.9329 2113 8 65
# 10.9525 2341 9 37
# 10.9746 365 1 109
# 10.9765 1389 5 109
# 10.98 1141 4 117
# 10.9853 809 3 41
# 10.9864 1076 4 52
# 10.988 2374 9 70
# 11.0057 1382 5 102
# 11.0332 344 1 88
# 11.0897 1091 4 67
# 11.0958 796 3 28
# 11.101 1379 5 99
# 11.1075 808 3 40
# 11.1183 120 0 120
# 11.1515 2116 8 68
# 11.2031 893 3 125
# 11.2104 2366 9 62
# 11.2144 881 3 113
# 11.2178 541 2 29
# 11.218 2345 9 41
# 11.2224 1597 6 61
# 11.2525 892 3 124
# 11.2709 1066 4 42
# 11.2807 807 3 39
# 11.281 329 1 73
# 11.2891 357 1 101
# 11.321 121 0 121
# 11.3228 2331 9 27
# 11.3232 889 3 121
# 11.3304 343 1 87
# 11.3359 804 3 36
# 11.344 574 2 62
# 11.3479 1377 5 97
# 11.3492 341 1 85
# 11.3669 2427 9 123
# 11.3778 2133 8 85
# 11.3941 45 0 45
# 11.4035 286 1 30
# 11.4224 315 1 59
# 11.4386 114 0 114
# 11.4677 44 0 44
# 11.502 1391 5 111
# 11.5037 2365 9 61
# 11.5104 1072 4 48
# 11.5202 1142 4 118
# 11.5213 305 1 49
# 11.5244 2350 9 46
# 11.5426 2142 8 94
# 11.5525 805 3 37
# 11.56 2360 9 56
# 11.562 125 0 125
# 11.5819 119 0 119
# 11.5823 1074 4 50
# 11.6229 257 1 1
# 11.6471 2352 9 48
# 11.6695 532 2 20
# 11.6779 261 1 5
# 11.6951 605 2 93
# 11.7122 1094 4 70
# 11.7325 2348 9 44
# 11.7388 829 3 61
# 11.7456 787 3 19
# 11.7559 353 1 97
# 11.7579 2344 9 40
# 11.8194 614 2 102
# 11.8215 2055 8 7
# 11.8233 797 3 29
# 11.8413 793 3 25
# 11.8523 340 1 84
# 11.9058 1611 6 75
# 11.9256 2346 9 42
# 11.9369 529 2 17
# 11.9475 1387 5 107
# 11.9508 573 2 61
# 11.9602 2396 9 92
# 11.9701 291 1 35
# 11.9798 2149 8 101
# 11.9906 1825 7 33
# 11.9918 2398 9 94
# 11.9954 2121 8 73
# 12.0328 2051 8 3
# 12.0363 785 3 17
# 12.0541 795 3 27
# 12.0734 2416 9 112
# 12.0764 1140 4 116
# 12.0818 2362 9 58
# 12.09 885 3 117
# 12.1104 891 3 123
# 12.1412 799 3 31
# 12.1509 2144 8 96
# 12.1588 2354 9 50
# 12.1949 2160 8 112
# 12.2074 2054 8 6
# 12.2149 1101 4 77
# 12.2252 603 2 91
# 12.2336 2141 8 93
# 12.256 2417 9 113
# 12.2858 117 0 117
# 12.2996 2052 8 4
# 12.3016 595 2 83
# 12.3038 602 2 90
# 12.3144 798 3 30
# 12.3252 883 3 115
# 12.3357 887 3 119
# 12.3434 325 1 69
# 12.3543 2062 8 14
# 12.3614 2129 8 81
# 12.3727 262 1 6
# 12.3863 2063 8 15
# 12.4097 2145 8 97
# 12.4124 794 3 26
# 12.4135 2375 9 71
# 12.4178 2048 8 0
# 12.426 33 0 33
# 12.4371 2305 9 1
# 12.4435 41 0 41
# 12.45 349 1 93
# 12.4875 2118 8 70
# 12.4884 1388 5 108
# 12.4887 115 0 115
# 12.5059 2405 9 101
# 12.515 32 0 32
# 12.5312 2325 9 21
# 12.5442 123 0 123
# 12.5463 2137 8 89
# 12.5496 2125 8 77
# 12.5512 2356 9 52
# 12.5703 601 2 89
# 12.5708 2138 8 90
# 12.5735 334 1 78
# 12.584 2049 8 1
# 12.5872 2159 8 111
# 12.601 310 1 54
# 12.6085 322 1 66
# 12.6172 873 3 105
# 12.6331 368 1 112
# 12.6428 2161 8 113
# 12.6956 2402 9 98
# 12.7068 2119 8 71
# 12.7729 2358 9 54
# 12.8046 882 3 114
# 12.8288 2153 8 105
# 12.8321 127 0 127
# 12.854 40 0 40
# 12.8603 367 1 111
# 12.8823 105 0 105
# 12.9096 2400 9 96
# 12.9097 2423 9 119
# 12.9332 1103 4 79
# 12.9616 364 1 108
# 12.9747 2131 8 83
# 13.0177 118 0 118
# 13.0363 312 1 56
# 13.0771 2154 8 106
# 13.1104 359 1 103
# 13.142 869 3 101
# 13.1533 2385 9 81
# 13.1679 2156 8 108
# 13.1747 284 1 28
# 13.193 2109 8 61
# 13.2041 2117 8 69
# 13.2693 35 0 35
# 13.2741 2172 8 124
# 13.2831 2393 9 89
# 13.2844 789 3 21
# 13.2951 2399 9 95
# 13.2991 864 3 96
# 13.2999 2140 8 92
# 13.3238 2146 8 98
# 13.411 2155 8 107
# 13.412 862 3 94
# 13.4259 2108 8 60
# 13.4385 784 3 16
# 13.4632 2418 9 114
# 13.5132 866 3 98
# 13.551 1867 7 75
# 13.5678 2147 8 99
# 13.6059 2174 8 126
# 13.6142 106 0 106
# 13.6244 313 1 57
# 13.6338 2148 8 100
# 13.6357 2162 8 114
# 13.6429 39 0 39
# 13.6442 2136 8 88
# 13.6587 2166 8 118
# 13.6666 607 2 95
# 13.7014 3 0 3
# 13.7192 786 3 18
# 13.7636 2428 9 124
# 13.7809 2143 8 95
# 13.7877 1100 4 76
# 13.8002 878 3 110
# 13.8329 2173 8 125
# 13.8359 2404 9 100
# 13.9109 2409 9 105
# 13.9311 2408 9 104
# 13.9431 2167 8 119
# 13.9548 2 0 2
# 13.9567 98 0 98
# 14.0048 34 0 34
# 14.0179 2151 8 103
# 14.0214 2419 9 115
# 14.0281 15 0 15
# 14.0479 38 0 38
# 14.09 2397 9 93
# 14.1035 101 0 101
# 14.106 116 0 116
# 14.1179 0 0 0
# 14.1192 110 0 110
# 14.1194 769 3 1
# 14.1693 2157 8 109
# 14.1809 263 1 7
# 14.2625 314 1 58
# 14.2957 868 3 100
# 14.3136 895 3 127
# 14.3296 2169 8 121
# 14.3316 771 3 3
# 14.3451 2421 9 117
# 14.3585 337 1 81
# 14.4099 2392 9 88
# 14.4267 318 1 62
# 14.4272 324 1 68
# 14.4323 2376 9 72
# 14.4947 2372 9 68
# 14.5211 14 0 14
# 14.5482 2139 8 91
# 14.5534 342 1 86
# 14.5535 2152 8 104
# 14.5739 597 2 85
# 14.5978 352 1 96
# 14.5983 2163 8 115
# 14.6119 2422 9 118
# 14.6311 2170 8 122
# 14.6682 109 0 109
# 14.6723 1345 5 65
# 14.6831 294 1 38
# 14.6866 535 2 23
# 14.6966 298 1 42
# 14.7419 37 0 37
# 14.7577 773 3 5
# 14.7651 2158 8 110
# 14.7655 832 3 64
# 14.7862 872 3 104
# 14.787 2150 8 102
# 14.8646 2414 9 110
# 14.8721 2369 9 65
# 14.8819 346 1 90
# 14.9014 886 3 118
# 14.9024 2415 9 111
# 14.9332 2165 8 117
# 14.9388 768 3 0
# 14.9418 104 0 104
# 14.9855 111 0 111
# 15.0548 12 0 12
# 15.0817 1 0 1
# 15.1245 24 0 24
# 15.1284 2175 8 127
# 15.1764 2410 9 106
# 15.1837 587 2 75
# 15.2229 13 0 13
# 15.2316 2164 8 116
# 15.2422 2120 8 72
# 15.2472 604 2 92
# 15.2546 2050 8 2
# 15.3249 2407 9 103
# 15.3385 2431 9 127
# 15.3588 2401 9 97
# 15.395 4 0 4
# 15.4692 11 0 11
# 15.496 369 1 113
# 15.5266 27 0 27
# 15.5526 339 1 83
# 15.5571 64 0 64
# 15.623 36 0 36
# 15.6358 884 3 116
# 15.6809 519 2 7
# 15.7002 5 0 5
# 15.7198 528 2 16
# 15.7289 531 2 19
# 15.7578 2168 8 120
# 15.7774 96 0 96
# 15.7789 874 3 106
# 15.8023 530 2 18
# 15.8035 772 3 4
# 15.8205 836 3 68
# 15.9071 348 1 92
# 15.9208 871 3 103
# 15.9376 25 0 25
# 15.9389 2412 9 108
# 15.9543 582 2 70
# 15.9754 513 2 1
# 15.9853 327 1 71
# 15.9954 26 0 26
# 16.0067 770 3 2
# 16.0147 97 0 97
# 16.0819 598 2 86
# 16.0865 606 2 94
# 16.1226 857 3 89
# 16.1565 108 0 108
# 16.1854 775 3 7
# 16.2306 2394 9 90
# 16.2338 107 0 107
# 16.2647 2171 8 123
# 16.2772 23 0 23
# 16.2908 2420 9 116
# 16.292 2413 9 109
# 16.3279 542 2 30
# 16.3626 319 1 63
# 16.3874 856 3 88
# 16.4848 21 0 21
# 16.4907 321 1 65
# 16.5599 281 1 25
# 16.5709 29 0 29
# 16.5796 28 0 28
# 16.5814 9 0 9
# 16.7351 2411 9 107
# 16.7859 347 1 91
# 16.8161 579 2 67
# 16.8377 2403 9 99
# 16.9826 351 1 95
# 17.2071 879 3 111
# 17.2296 839 3 71
# 17.2467 330 1 74
# 17.2502 7 0 7
# 17.3084 6 0 6
# 17.3785 8 0 8
# 17.383 774 3 6
# 17.4593 304 1 48
# 17.4668 306 1 50
# 17.4927 877 3 109
# 17.5089 865 3 97
# 17.5753 10 0 10
# 17.5987 517 2 5
# 17.6001 73 0 73
# 17.6885 2310 9 6
# 17.6996 593 2 81
# 17.7111 543 2 31
# 17.722 292 1 36
# 17.727 2127 8 79
# 17.7727 848 3 80
# 17.8223 2406 9 102
# 17.8941 87 0 87
# 17.9066 31 0 31
# 17.9175 68 0 68
# 17.9292 356 1 100
# 17.9337 2395 9 91
# 17.9378 788 3 20
# 18.0761 20 0 20
# 18.0831 861 3 93
# 18.0855 876 3 108
# 18.1111 22 0 22
# 18.1281 100 0 100
# 18.1356 75 0 75
# 18.1863 30 0 30
# 18.1949 335 1 79
# 18.2344 2386 9 82
# 18.2458 295 1 39
# 18.2596 843 3 75
# 18.2695 332 1 76
# 18.2749 834 3 66
# 18.316 781 3 13
# 18.3341 72 0 72
# 18.3839 328 1 72
# 18.391 358 1 102
# 18.3928 355 1 99
# 18.3937 69 0 69
# 18.4116 515 2 3
# 18.4435 2126 8 78
# 18.5038 71 0 71
# 18.504 875 3 107
# 18.5589 2123 8 75
# 18.5898 89 0 89
# 18.5907 534 2 22
# 18.6802 837 3 69
# 18.6811 17 0 17
# 18.701 66 0 66
# 18.7012 2114 8 66
# 18.7046 16 0 16
# 18.7414 65 0 65
# 18.7653 103 0 103
# 18.79 88 0 88
# 18.7958 94 0 94
# 18.7967 93 0 93
# 18.8412 782 3 14
# 18.8901 2368 9 64
# 18.995 99 0 99
# 19.0801 80 0 80
# 19.1087 583 2 71
# 19.1104 2308 9 4
# 19.2982 2124 8 76
# 19.3017 2307 9 3
# 19.3984 18 0 18
# 19.7283 19 0 19
# 19.8143 293 1 37
# 19.8484 85 0 85
# 20.0685 323 1 67
# 20.0861 580 2 68
# 20.189 90 0 90
# 20.2044 354 1 98
# 20.2223 102 0 102
# 20.2976 82 0 82
# 20.2979 867 3 99
# 20.3666 78 0 78
# 20.4048 84 0 84
# 20.4638 849 3 81
# 20.5058 282 1 26
# 20.527 846 3 78
# 20.5378 858 3 90
# 20.5448 86 0 86
# 20.7069 67 0 67
# 20.8142 841 3 73
# 20.8212 91 0 91
# 20.8294 79 0 79
# 20.8345 333 1 77
# 20.8584 840 3 72
# 21.0361 331 1 75
# 21.2543 2383 9 79
# 21.2642 584 2 72
# 21.4182 81 0 81
# 21.4443 76 0 76
# 21.7673 833 3 65
# 21.8337 577 2 65
# 21.8591 83 0 83
# 21.8776 283 1 27
# 22.1364 2373 9 69
# 22.4316 70 0 70
# 22.4588 74 0 74
# 22.4896 576 2 64
# 22.635 859 3 91
# 22.6486 92 0 92
# 22.6973 326 1 70
# 22.8061 860 3 92
# 22.8867 280 1 24
# 23.126 316 1 60
# 23.1315 77 0 77
# 23.2877 870 3 102
# 23.3296 835 3 67
# 23.3857 2387 9 83
# 23.5876 516 2 4
# 23.8383 518 2 6
# 23.9822 780 3 12
# 23.9995 512 2 0
# 24.1149 2304 9 0
# 24.349 317 1 61
# 24.371 95 0 95
# 24.4474 838 3 70
# 24.6364 523 2 11
# 25.0161 855 3 87
# 25.0714 581 2 69
# 25.1742 514 2 2
# 25.7379 851 3 83
# 25.7696 578 2 66
# 25.8939 596 2 84
# 26.0944 591 2 79
# 26.5399 777 3 9
# 26.7015 863 3 95
# 26.9307 847 3 79
# 27.1471 527 2 15
# 27.6718 525 2 13
# 28.2647 2370 9 66
# 28.5003 585 2 73
# 28.6473 776 3 8
# 28.654 844 3 76
# 28.7307 590 2 78
# 28.9905 382 1 126
# 28.997 381 1 125
# 29.3239 778 3 10
# 29.5313 588 2 76
# 30.0741 850 3 82
# 30.1989 521 2 9
# 30.603 524 2 12
# 30.6977 790 3 22
# 30.7867 526 2 14
# 31.2398 842 3 74
# 31.527 2380 9 76
# 31.5467 845 3 77
# 31.6334 522 2 10
# 33.1183 2306 9 2
# 33.211 377 1 121
# 34.1791 852 3 84
# 34.2286 589 2 77
# 34.2359 586 2 74
# 34.6232 599 2 87
# 35.2681 2382 9 78
# 36.7435 791 3 23
# 36.7604 378 1 122
# 36.8107 853 3 85
# 37.5292 520 2 8
# 38.6067 379 1 123
# 40.0779 2389 9 85
# 41.2658 2381 9 77
# 41.4546 2319 9 15
# 44.7232 376 1 120
# 46.2414 779 3 11
# 47.6133 2327 9 23
# 48.1172 2377 9 73
# 52.5639 2318 9 14
# 52.6119 2317 9 13
# 53.1538 2390 9 86
# 55.3879 854 3 86
# 56.2669 2378 9 74
# 58.6726 2391 9 87
# 59.4428 2316 9 12
# 61.5618 2326 9 22
# 61.8928 2388 9 84
# 62.4479 2315 9 11
# 64.537 2313 9 9
# 74.1992 2314 9 10
# 74.628 2312 9 8
# 86.0083 1129 4 105
